ID-642
  -ISIS-  09121217212D

 19 22  0  0  0  0  0  0  0  0999 V2000
    6.3740   -6.0690    0.0000 C   0  0  0  0  0  0  0  0  0  0  0  0
    6.8381   -5.8035    0.0000 C   0  0  0  0  0  0  0  0  0  0  0  0
    5.9102   -5.8035    0.0000 C   0  0  0  0  0  0  0  0  0  0  0  0
    6.3740   -6.6082    0.0000 C   0  0  0  0  0  0  0  0  0  0  0  0
    6.8381   -5.2643    0.0000 C   0  0  0  0  0  0  0  0  0  0  0  0
    7.3021   -6.0690    0.0000 C   0  0  0  0  0  0  0  0  0  0  0  0
    5.4462   -6.0690    0.0000 C   0  0  0  0  0  0  0  0  0  0  0  0
    5.9102   -5.2643    0.0000 C   0  0  0  0  0  0  0  0  0  0  0  0
    5.9102   -6.8738    0.0000 C   0  0  0  0  0  0  0  0  0  0  0  0
    6.8381   -6.8738    0.0000 C   0  0  0  0  0  0  0  0  0  0  0  0
    6.3740   -4.9988    0.0000 C   0  0  0  0  0  0  0  0  0  0  0  0
    7.3021   -4.9988    0.0000 C   0  0  0  0  0  0  0  0  0  0  0  0
    7.3021   -6.6082    0.0000 C   0  0  0  0  0  0  0  0  0  0  0  0
    7.7659   -5.8035    0.0000 C   0  0  0  0  0  0  0  0  0  0  0  0
    5.4462   -6.6082    0.0000 C   0  0  0  0  0  0  0  0  0  0  0  0
    4.9824   -5.8035    0.0000 B   0  0  0  0  0  0  0  0  0  0  0  0
    7.7659   -5.2643    0.0000 C   0  0  0  0  0  0  0  0  0  0  0  0
    4.5184   -6.0690    0.0000 O   0  0  0  0  0  0  0  0  0  0  0  0
    4.9824   -5.2643    0.0000 O   0  0  0  0  0  0  0  0  0  0  0  0
  1  2  1  0  0  0  0
  1  3  1  0  0  0  0
  1  4  2  0  0  0  0
  2  5  2  0  0  0  0
  2  6  1  0  0  0  0
  3  7  2  0  0  0  0
  3  8  1  0  0  0  0
  4  9  1  0  0  0  0
  4 10  1  0  0  0  0
  5 11  1  0  0  0  0
  5 12  1  0  0  0  0
  6 13  1  0  0  0  0
  6 14  2  0  0  0  0
  7 15  1  0  0  0  0
  7 16  1  0  0  0  0
  8 11  2  0  0  0  0
  9 15  2  0  0  0  0
 10 13  2  0  0  0  0
 12 17  2  0  0  0  0
 14 17  1  0  0  0  0
 16 18  1  0  0  0  0
 16 19  1  0  0  0  0
M  END

>  <CDBREGNO>
2610639

>  <Global_Seq_Number>
5801570

>  <Global_Number>
ID-642

>  <ORIGINAL_REQUESTED_ID>
ID-642

>  <FORMATTED_REQUESTED_ID>
ID-642

>  <FORMATTED_PARENT_ID>
ID-642

>  <FORMATTED_SALT_ID>
ID-642

>  <VENDOR_ID>
ID-642

$$$$

ID-754
  -ISIS-  09121218262D

 19 20  0  0  0  0  0  0  0  0999 V2000
    6.5139   -4.9139    0.0000 N   0  0  3  0  0  0  0  0  0  0  0  0
    6.5159   -4.0899    0.0000 C   0  0  0  0  0  0  0  0  0  0  0  0
    7.2259   -5.3312    0.0000 C   0  0  0  0  0  0  0  0  0  0  0  0
    5.7998   -5.3268    0.0000 C   0  0  0  0  0  0  0  0  0  0  0  0
    7.2319   -3.6769    0.0000 C   0  0  0  0  0  0  0  0  0  0  0  0
    5.8038   -3.6790    0.0000 C   0  0  0  0  0  0  0  0  0  0  0  0
    7.2259   -6.1532    0.0000 C   0  0  0  0  0  0  0  0  0  0  0  0
    5.7998   -6.1491    0.0000 C   0  0  0  0  0  0  0  0  0  0  0  0
    7.2359   -2.8466    0.0000 N   0  0  0  0  0  0  0  0  0  0  0  0
    5.8059   -2.8530    0.0000 C   0  0  0  0  0  0  0  0  0  0  0  0
    6.5118   -6.5632    0.0000 N   0  0  3  0  0  0  0  0  0  0  0  0
    6.5218   -2.4336    0.0000 C   0  0  0  0  0  0  0  0  0  0  0  0
    6.5099   -7.3872    0.0000 C   0  0  0  0  0  0  0  0  0  0  0  0
    5.7938   -7.7972    0.0000 O   0  0  0  0  0  0  0  0  0  0  0  0
    7.2219   -7.8012    0.0000 O   0  0  0  0  0  0  0  0  0  0  0  0
    5.7918   -8.6232    0.0000 C   0  0  3  0  0  0  0  0  0  0  0  0
    4.9958   -8.8332    0.0000 C   0  0  0  0  0  0  0  0  0  0  0  0
    5.9318   -9.4333    0.0000 C   0  0  0  0  0  0  0  0  0  0  0  0
    6.6139   -8.5533    0.0000 C   0  0  0  0  0  0  0  0  0  0  0  0
  1  2  1  0  0  0  0
  1  3  1  0  0  0  0
  1  4  1  0  0  0  0
  2  5  1  0  0  0  0
  2  6  2  0  0  0  0
  3  7  1  0  0  0  0
  4  8  1  0  0  0  0
  5  9  2  0  0  0  0
  6 10  1  0  0  0  0
  7 11  1  0  0  0  0
  8 11  1  0  0  0  0
  9 12  1  0  0  0  0
 10 12  2  0  0  0  0
 11 13  1  0  0  0  0
 13 14  1  0  0  0  0
 13 15  2  0  0  0  0
 14 16  1  0  0  0  0
 16 17  1  0  0  0  0
 16 18  1  0  0  0  0
 16 19  1  0  0  0  0
M  END

>  <CDBREGNO>
421848

>  <Global_Seq_Number>
513357

>  <Global_Number>
ID-571

>  <ORIGINAL_REQUESTED_ID>
ID-754

>  <FORMATTED_REQUESTED_ID>
ID-754

>  <FORMATTED_PARENT_ID>
ID-754

>  <FORMATTED_SALT_ID>
ID-754

>  <VENDOR_ID>
ID-754

$$$$

ID-885
  -ISIS-  09121217072D

 15 17  0  0  0  0  0  0  0  0999 V2000
    6.4484   -6.1465    0.0000 C   0  0  0  0  0  0  0  0  0  0  0  0
    5.9154   -6.1465    0.0000 C   0  0  0  0  0  0  0  0  0  0  0  0
    6.6076   -5.6426    0.0000 C   0  0  0  0  0  0  0  0  0  0  0  0
    6.8074   -6.5370    0.0000 C   0  0  0  0  0  0  0  0  0  0  0  0
    5.7541   -5.6315    0.0000 C   0  0  0  0  0  0  0  0  0  0  0  0
    5.5461   -6.5458    0.0000 C   0  0  0  0  0  0  0  0  0  0  0  0
    6.1762   -5.3274    0.0000 C   0  0  0  0  0  0  0  0  0  0  0  0
    7.1251   -5.5333    0.0000 C   0  0  0  0  0  0  0  0  0  0  0  0
    7.3248   -6.4214    0.0000 C   0  0  0  0  0  0  0  0  0  0  0  0
    5.2226   -5.5099    0.0000 C   0  0  0  0  0  0  0  0  0  0  0  0
    5.0152   -6.4261    0.0000 C   0  0  0  0  0  0  0  0  0  0  0  0
    7.4840   -5.9178    0.0000 C   0  0  0  0  0  0  0  0  0  0  0  0
    4.8539   -5.9102    0.0000 C   0  0  0  0  0  0  0  0  0  0  0  0
    8.0068   -5.8007    0.0000 Br  0  0  0  0  0  0  0  0  0  0  0  0
    4.3317   -5.7948    0.0000 Br  0  0  0  0  0  0  0  0  0  0  0  0
  1  2  1  0  0  0  0
  1  3  2  0  0  0  0
  1  4  1  0  0  0  0
  2  5  2  0  0  0  0
  2  6  1  0  0  0  0
  3  7  1  0  0  0  0
  3  8  1  0  0  0  0
  4  9  2  0  0  0  0
  5  7  1  0  0  0  0
  5 10  1  0  0  0  0
  6 11  2  0  0  0  0
  8 12  2  0  0  0  0
  9 12  1  0  0  0  0
 10 13  2  0  0  0  0
 11 13  1  0  0  0  0
 12 14  1  0  0  0  0
 13 15  1  0  0  0  0
M  END

>  <CDBREGNO>
400186

>  <Global_Seq_Number>
446921

>  <Global_Number>
ID-885

>  <ORIGINAL_REQUESTED_ID>
ID-885

>  <FORMATTED_REQUESTED_ID>
ID-885

>  <FORMATTED_PARENT_ID>
ID-885

>  <FORMATTED_SALT_ID>
ID-885

>  <VENDOR_ID>
ID-885

$$$$

ID-976
  -ISIS-  09121218212D

  7  7  0  0  0  0  0  0  0  0999 V2000
   -0.0114   -5.8247    0.0000 C   0  0  0  0  0  0  0  0  0  0  0  0
   -0.0114   -4.9979    0.0000 C   0  0  0  0  0  0  0  0  0  0  0  0
   -0.7263   -6.2339    0.0000 C   0  0  0  0  0  0  0  0  0  0  0  0
    0.7029   -6.2375    0.0000 Br  0  0  0  0  0  0  0  0  0  0  0  0
   -0.7250   -4.5820    0.0000 N   0  0  0  0  0  0  0  0  0  0  0  0
   -1.4375   -5.8211    0.0000 C   0  0  0  0  0  0  0  0  0  0  0  0
   -1.4375   -4.9943    0.0000 C   0  0  0  0  0  0  0  0  0  0  0  0
  1  2  2  0  0  0  0
  1  3  1  0  0  0  0
  1  4  1  0  0  0  0
  2  5  1  0  0  0  0
  3  6  2  0  0  0  0
  5  7  2  0  0  0  0
  6  7  1  0  0  0  0
M  END

>  <CDBREGNO>
534239

>  <MOLFORMULA>
C6 H4 N2 O2

>  <MOLWEIGHT>
1.361096000000000e+02

>  <Global_Seq_Number>
751646

>  <Stereoisomer_Code>
NOSTC

>  <Global_Number>
ID-976

>  <ORIGINAL_REQUESTED_ID>
ID-976

>  <FORMATTED_REQUESTED_ID>
ID-976

>  <FORMATTED_PARENT_ID>
ID-976

>  <FORMATTED_SALT_ID>
ID-976

>  <VENDOR_ID>
ID-976

$$$$

ID-643
  -ISIS-  09121218332D

 42 48  0  0  0  0  0  0  0  0999 V2000
    5.4277   -7.6297    0.0000 C   0  0  0  0  0  0  0  0  0  0  0  0
    5.4277   -6.8057    0.0000 C   0  0  0  0  0  0  0  0  0  0  0  0
    6.1444   -8.0440    0.0000 C   0  0  3  0  0  0  0  0  0  0  0  0
    4.7181   -8.0440    0.0000 C   0  0  0  0  0  0  0  0  0  0  0  0
    4.7157   -6.3986    0.0000 C   0  0  0  0  0  0  0  0  0  0  0  0
    6.1420   -6.3938    0.0000 O   0  0  0  0  0  0  0  0  0  0  0  0
    6.8564   -7.6321    0.0000 C   0  0  0  0  0  0  0  0  0  0  0  0
    5.6134   -8.6750    0.0000 C   0  0  0  0  0  0  0  0  0  0  0  0
    6.6730   -8.6750    0.0000 C   0  0  0  0  0  0  0  0  0  0  0  0
    4.0085   -7.6321    0.0000 C   0  0  0  0  0  0  0  0  0  0  0  0
    4.4323   -5.6247    0.0000 P   0  0  3  0  0  0  0  0  0  0  0  0
    4.0085   -6.8105    0.0000 C   0  0  0  0  0  0  0  0  0  0  0  0
    6.8564   -6.8081    0.0000 C   0  0  0  0  0  0  0  0  0  0  0  0
    7.5755   -8.0512    0.0000 C   0  0  0  0  0  0  0  0  0  0  0  0
    3.6061   -5.6271    0.0000 C   0  0  0  0  0  0  0  0  0  0  0  0
    4.5729   -4.8103    0.0000 C   0  0  0  0  0  0  0  0  0  0  0  0
    7.5731   -6.3914    0.0000 C   0  0  0  0  0  0  0  0  0  0  0  0
    8.2923   -7.6392    0.0000 C   0  0  0  0  0  0  0  0  0  0  0  0
    3.1966   -6.3414    0.0000 C   0  0  0  0  0  0  0  0  0  0  0  0
    3.1918   -4.9127    0.0000 C   0  0  0  0  0  0  0  0  0  0  0  0
    3.9395   -4.2850    0.0000 C   0  0  0  0  0  0  0  0  0  0  0  0
    5.3491   -4.5313    0.0000 C   0  0  0  0  0  0  0  0  0  0  0  0
    7.8541   -5.6152    0.0000 P   0  0  3  0  0  0  0  0  0  0  0  0
    8.2923   -6.8081    0.0000 C   0  0  0  0  0  0  0  0  0  0  0  0
    2.3702   -6.3438    0.0000 C   0  0  0  0  0  0  0  0  0  0  0  0
    2.3678   -4.9151    0.0000 C   0  0  0  0  0  0  0  0  0  0  0  0
    4.0799   -3.4720    0.0000 C   0  0  0  0  0  0  0  0  0  0  0  0
    5.4872   -3.7206    0.0000 C   0  0  0  0  0  0  0  0  0  0  0  0
    8.6661   -5.4723    0.0000 C   0  0  0  0  0  0  0  0  0  0  0  0
    7.3231   -4.9842    0.0000 C   0  0  0  0  0  0  0  0  0  0  0  0
    1.9583   -5.6318    0.0000 C   0  0  0  0  0  0  0  0  0  0  0  0
    4.8538   -3.1910    0.0000 C   0  0  0  0  0  0  0  0  0  0  0  0
    8.9471   -4.6960    0.0000 C   0  0  0  0  0  0  0  0  0  0  0  0
    9.1971   -6.1033    0.0000 C   0  0  0  0  0  0  0  0  0  0  0  0
    6.5111   -5.1294    0.0000 C   0  0  0  0  0  0  0  0  0  0  0  0
    7.6041   -4.2088    0.0000 C   0  0  0  0  0  0  0  0  0  0  0  0
    9.7615   -4.5575    0.0000 C   0  0  0  0  0  0  0  0  0  0  0  0
   10.0091   -5.9604    0.0000 C   0  0  0  0  0  0  0  0  0  0  0  0
    5.9777   -4.5040    0.0000 C   0  0  0  0  0  0  0  0  0  0  0  0
    7.0731   -3.5814    0.0000 C   0  0  0  0  0  0  0  0  0  0  0  0
   10.2925   -5.1842    0.0000 C   0  0  0  0  0  0  0  0  0  0  0  0
    6.2611   -3.7220    0.0000 C   0  0  0  0  0  0  0  0  0  0  0  0
  1  2  2  0  0  0  0
  1  3  1  0  0  0  0
  1  4  1  0  0  0  0
  2  5  1  0  0  0  0
  2  6  1  0  0  0  0
  3  7  1  0  0  0  0
  3  8  1  0  0  0  0
  3  9  1  0  0  0  0
  4 10  2  0  0  0  0
  5 11  1  0  0  0  0
  5 12  2  0  0  0  0
  6 13  1  0  0  0  0
  7 13  2  0  0  0  0
  7 14  1  0  0  0  0
 10 12  1  0  0  0  0
 11 15  1  0  0  0  0
 11 16  1  0  0  0  0
 13 17  1  0  0  0  0
 14 18  2  0  0  0  0
 15 19  2  0  0  0  0
 15 20  1  0  0  0  0
 16 21  1  0  0  0  0
 16 22  2  0  0  0  0
 17 23  1  0  0  0  0
 17 24  2  0  0  0  0
 18 24  1  0  0  0  0
 19 25  1  0  0  0  0
 20 26  2  0  0  0  0
 21 27  2  0  0  0  0
 22 28  1  0  0  0  0
 23 29  1  0  0  0  0
 23 30  1  0  0  0  0
 25 31  2  0  0  0  0
 26 31  1  0  0  0  0
 27 32  1  0  0  0  0
 28 32  2  0  0  0  0
 29 33  2  0  0  0  0
 29 34  1  0  0  0  0
 30 35  1  0  0  0  0
 30 36  2  0  0  0  0
 33 37  1  0  0  0  0
 34 38  2  0  0  0  0
 35 39  2  0  0  0  0
 36 40  1  0  0  0  0
 37 41  2  0  0  0  0
 38 41  1  0  0  0  0
 39 42  1  0  0  0  0
 40 42  2  0  0  0  0
M  END

>  <CDBREGNO>
2610640

>  <Global_Seq_Number>
5801572

>  <Global_Number>
ID-643

>  <ORIGINAL_REQUESTED_ID>
ID-643

>  <FORMATTED_REQUESTED_ID>
ID-643

>  <FORMATTED_PARENT_ID>
ID-643

>  <FORMATTED_SALT_ID>
ID-643

>  <VENDOR_ID>
ID-643

$$$$

ID-505
  -ISIS-  09121217082D

  2  1  0  0  0  0  0  0  0  0999 V2000
    6.3951   -5.8825    0.0000 I   0  0  0  0  0  0  0  0  0  0  0  0
    5.8613   -5.9286    0.0000 C   0  0  0  0  0  0  0  0  0  0  0  0
  1  2  1  0  0  0  0
M  END

>  <CDBREGNO>
1678888

>  <Global_Seq_Number>
3256341

>  <Global_Number>
ID-505

>  <ORIGINAL_REQUESTED_ID>
ID-505

>  <FORMATTED_REQUESTED_ID>
ID-505

>  <FORMATTED_PARENT_ID>
ID-505

>  <FORMATTED_SALT_ID>
ID-505

>  <VENDOR_ID>
ID-505

$$$$

ID-916
  -ISIS-  09121218222D

 13 13  0  0  0  0  0  0  0  0999 V2000
    5.7954   -4.4106    0.0000 C   0  0  3  0  0  0  0  0  0  0  0  0
    5.7941   -5.2358    0.0000 O   0  0  0  0  0  0  0  0  0  0  0  0
    5.0000   -4.1960    0.0000 C   0  0  0  0  0  0  0  0  0  0  0  0
    6.6166   -4.4844    0.0000 C   0  0  0  0  0  0  0  0  0  0  0  0
    5.9402   -3.6015    0.0000 C   0  0  0  0  0  0  0  0  0  0  0  0
    6.5067   -5.6496    0.0000 C   0  0  0  0  0  0  0  0  0  0  0  0
    6.5054   -6.4747    0.0000 N   0  0  3  0  0  0  0  0  0  0  0  0
    7.2219   -5.2383    0.0000 O   0  0  0  0  0  0  0  0  0  0  0  0
    7.2193   -6.8912    0.0000 C   0  0  0  0  0  0  0  0  0  0  0  0
    5.7915   -6.8873    0.0000 C   0  0  0  0  0  0  0  0  0  0  0  0
    7.2193   -7.7176    0.0000 C   0  0  0  0  0  0  0  0  0  0  0  0
    5.7915   -7.7138    0.0000 C   0  0  0  0  0  0  0  0  0  0  0  0
    6.5041   -8.1250    0.0000 N   0  0  0  0  0  0  0  0  0  0  0  0
  1  2  1  0  0  0  0
  1  3  1  0  0  0  0
  1  4  1  0  0  0  0
  1  5  1  0  0  0  0
  2  6  1  0  0  0  0
  6  7  1  0  0  0  0
  6  8  2  0  0  0  0
  7  9  1  0  0  0  0
  7 10  1  0  0  0  0
  9 11  1  0  0  0  0
 10 12  1  0  0  0  0
 11 13  1  0  0  0  0
 12 13  1  0  0  0  0
M  END

>  <CDBREGNO>
4194043

>  <Global_Seq_Number>
12825087

>  <Global_Number>
ID-916

>  <ORIGINAL_REQUESTED_ID>
ID-916

>  <FORMATTED_REQUESTED_ID>
ID-916

>  <FORMATTED_PARENT_ID>
ID-916

>  <FORMATTED_SALT_ID>
ID-916

>  <VENDOR_ID>
ID-916

$$$$

CP-048129
  -ISIS-  09121217132D

  6  4  0  0  0  0  0  0  0  0999 V2000
    6.5365   -5.7934    0.0000 C   0  0  3  0  0  0  0  0  0  0  0  0
    5.8827   -6.2943    0.0000 O   0  5  0  0  0  0  0  0  0  0  0  0
    7.1909   -6.2943    0.0000 C   0  0  0  0  0  0  0  0  0  0  0  0
    7.0934   -5.1847    0.0000 C   0  0  0  0  0  0  0  0  0  0  0  0
    5.9790   -5.1847    0.0000 C   0  0  0  0  0  0  0  0  0  0  0  0
    5.0583   -6.5417    0.0000 K   0  3  0  0  0  0  0  0  0  0  0  0
  1  2  1  0  0  0  0
  1  3  1  0  0  0  0
  1  4  1  0  0  0  0
  1  5  1  0  0  0  0
M  CHG  2   2  -1   6   1
M  END

>  <CDBREGNO>
1553657

>  <Global_Seq_Number>
2946914

>  <Global_Number>
ID-412

>  <ORIGINAL_REQUESTED_ID>
ID-129

>  <FORMATTED_REQUESTED_ID>
ID-129

>  <FORMATTED_PARENT_ID>
ID-129

>  <FORMATTED_SALT_ID>
ID-129

>  <VENDOR_ID>
ID-129

$$$$

ID-644
  -ISIS-  09121217052D

 17 19  0  0  0  0  0  0  0  0999 V2000
    1.4207    0.9694    0.0000 C   0  0  0  0  0  0  0  0  0  0  0  0
    0.9894    1.2851    0.0000 C   0  0  3  0  0  0  0  0  0  0  0  0
    1.2617    0.4586    0.0000 C   0  0  0  0  0  0  0  0  0  0  0  0
    1.9384    1.0793    0.0000 C   0  0  0  0  0  0  0  0  0  0  0  0
    0.5674    0.9805    0.0000 C   0  0  0  0  0  0  0  0  0  0  0  0
    1.3505    1.6808    0.0000 C   0  0  0  0  0  0  0  0  0  0  0  0
    0.6326    1.6855    0.0000 C   0  0  0  0  0  0  0  0  0  0  0  0
    0.7286    0.4586    0.0000 C   0  0  0  0  0  0  0  0  0  0  0  0
    1.6206    0.0747    0.0000 C   0  0  0  0  0  0  0  0  0  0  0  0
    2.2973    0.6948    0.0000 C   0  0  0  0  0  0  0  0  0  0  0  0
    0.0364    1.1028    0.0000 C   0  0  0  0  0  0  0  0  0  0  0  0
    0.3594    0.0665    0.0000 C   0  0  0  0  0  0  0  0  0  0  0  0
    2.1381    0.1840    0.0000 C   0  0  0  0  0  0  0  0  0  0  0  0
    2.8202    0.8115    0.0000 Br  0  0  0  0  0  0  0  0  0  0  0  0
   -0.3328    0.7024    0.0000 C   0  0  0  0  0  0  0  0  0  0  0  0
   -0.1714    0.1804    0.0000 C   0  0  0  0  0  0  0  0  0  0  0  0
   -0.8551    0.8179    0.0000 Br  0  0  0  0  0  0  0  0  0  0  0  0
  1  2  1  0  0  0  0
  1  3  2  0  0  0  0
  1  4  1  0  0  0  0
  2  5  1  0  0  0  0
  2  6  1  0  0  0  0
  2  7  1  0  0  0  0
  3  8  1  0  0  0  0
  3  9  1  0  0  0  0
  4 10  2  0  0  0  0
  5  8  2  0  0  0  0
  5 11  1  0  0  0  0
  8 12  1  0  0  0  0
  9 13  2  0  0  0  0
 10 13  1  0  0  0  0
 10 14  1  0  0  0  0
 11 15  2  0  0  0  0
 12 16  2  0  0  0  0
 15 16  1  0  0  0  0
 15 17  1  0  0  0  0
M  END

>  <CDBREGNO>
2610639

>  <Global_Seq_Number>
5801570

>  <Global_Number>
ID-642

>  <ORIGINAL_REQUESTED_ID>
ID-642

>  <FORMATTED_REQUESTED_ID>
ID-642

>  <FORMATTED_PARENT_ID>
ID-642

>  <FORMATTED_SALT_ID>
ID-642

>  <VENDOR_ID>
ID-642

$$$$

ID-755
  -ISIS-  09121217232D

 47 57  0  0  0  0  0  0  0  0999 V2000
    5.9330   -7.0477    0.0000 C   0  0  3  0  0  0  0  0  0  0  0  0
    5.5014   -7.3611    0.0000 C   0  0  0  0  0  0  0  0  0  0  0  0
    6.3703   -7.3611    0.0000 C   0  0  0  0  0  0  0  0  0  0  0  0
    5.4980   -6.7266    0.0000 C   0  0  0  0  0  0  0  0  0  0  0  0
    6.3731   -6.7320    0.0000 C   0  0  0  0  0  0  0  0  0  0  0  0
    5.6641   -7.8749    0.0000 C   0  0  0  0  0  0  0  0  0  0  0  0
    4.9768   -7.2458    0.0000 C   0  0  0  0  0  0  0  0  0  0  0  0
    6.1989   -7.8716    0.0000 C   0  0  0  0  0  0  0  0  0  0  0  0
    6.8944   -7.2506    0.0000 C   0  0  0  0  0  0  0  0  0  0  0  0
    5.3025   -8.2686    0.0000 C   0  0  0  0  0  0  0  0  0  0  0  0
    4.6151   -7.6407    0.0000 C   0  0  0  0  0  0  0  0  0  0  0  0
    6.5573   -8.2740    0.0000 C   0  0  0  0  0  0  0  0  0  0  0  0
    7.2533   -7.6492    0.0000 C   0  0  0  0  0  0  0  0  0  0  0  0
    4.7784   -8.1545    0.0000 C   0  0  0  0  0  0  0  0  0  0  0  0
    4.0921   -7.5245    0.0000 C   0  0  0  0  0  0  0  0  0  0  0  0
    7.0849   -8.1626    0.0000 C   0  0  0  0  0  0  0  0  0  0  0  0
    7.7773   -7.5378    0.0000 C   0  0  0  0  0  0  0  0  0  0  0  0
    3.9267   -7.0117    0.0000 C   0  0  0  0  0  0  0  0  0  0  0  0
    3.7337   -7.9203    0.0000 C   0  0  0  0  0  0  0  0  0  0  0  0
    8.1362   -7.9343    0.0000 C   0  0  0  0  0  0  0  0  0  0  0  0
    7.9433   -7.0277    0.0000 C   0  0  0  0  0  0  0  0  0  0  0  0
    3.4054   -6.8975    0.0000 C   0  0  0  0  0  0  0  0  0  0  0  0
    4.2841   -6.6179    0.0000 C   0  0  0  0  0  0  0  0  0  0  0  0
    3.2071   -7.8100    0.0000 C   0  0  0  0  0  0  0  0  0  0  0  0
    8.6608   -7.8261    0.0000 C   0  0  0  0  0  0  0  0  0  0  0  0
    7.9706   -8.4395    0.0000 C   0  0  0  0  0  0  0  0  0  0  0  0
    8.4685   -6.9168    0.0000 C   0  0  0  0  0  0  0  0  0  0  0  0
    3.2419   -6.3898    0.0000 C   0  0  0  0  0  0  0  0  0  0  0  0
    3.0441   -7.2946    0.0000 C   0  0  0  0  0  0  0  0  0  0  0  0
    4.1248   -6.1072    0.0000 C   0  0  0  0  0  0  0  0  0  0  0  0
    9.0164   -8.2199    0.0000 C   0  0  0  0  0  0  0  0  0  0  0  0
    8.8295   -7.3149    0.0000 C   0  0  0  0  0  0  0  0  0  0  0  0
    8.3270   -8.8393    0.0000 C   0  0  0  0  0  0  0  0  0  0  0  0
    3.6035   -5.9985    0.0000 C   0  0  0  0  0  0  0  0  0  0  0  0
    2.7206   -6.2729    0.0000 C   0  0  0  0  0  0  0  0  0  0  0  0
    2.5224   -7.1804    0.0000 C   0  0  0  0  0  0  0  0  0  0  0  0
    8.8483   -8.7251    0.0000 C   0  0  0  0  0  0  0  0  0  0  0  0
    9.5329   -8.1084    0.0000 C   0  0  0  0  0  0  0  0  0  0  0  0
    9.3508   -7.2018    0.0000 C   0  0  0  0  0  0  0  0  0  0  0  0
    3.4454   -5.4897    0.0000 C   0  0  0  0  0  0  0  0  0  0  0  0
    2.3595   -6.6727    0.0000 C   0  0  0  0  0  0  0  0  0  0  0  0
    2.5603   -5.7622    0.0000 C   0  0  0  0  0  0  0  0  0  0  0  0
    9.2039   -9.1216    0.0000 C   0  0  0  0  0  0  0  0  0  0  0  0
    9.7119   -7.5978    0.0000 C   0  0  0  0  0  0  0  0  0  0  0  0
    9.8888   -8.5022    0.0000 C   0  0  0  0  0  0  0  0  0  0  0  0
    2.9214   -5.3732    0.0000 C   0  0  0  0  0  0  0  0  0  0  0  0
    9.7258   -9.0128    0.0000 C   0  0  0  0  0  0  0  0  0  0  0  0
  1  2  1  0  0  0  0
  1  3  1  0  0  0  0
  1  4  1  0  0  0  0
  1  5  1  0  0  0  0
  2  6  2  0  0  0  0
  2  7  1  0  0  0  0
  3  8  2  0  0  0  0
  3  9  1  0  0  0  0
  6  8  1  0  0  0  0
  6 10  1  0  0  0  0
  7 11  2  0  0  0  0
  8 12  1  0  0  0  0
  9 13  2  0  0  0  0
 10 14  2  0  0  0  0
 11 14  1  0  0  0  0
 11 15  1  0  0  0  0
 12 16  2  0  0  0  0
 13 16  1  0  0  0  0
 13 17  1  0  0  0  0
 15 18  2  0  0  0  0
 15 19  1  0  0  0  0
 17 20  2  0  0  0  0
 17 21  1  0  0  0  0
 18 22  1  0  0  0  0
 18 23  1  0  0  0  0
 19 24  2  0  0  0  0
 20 25  1  0  0  0  0
 20 26  1  0  0  0  0
 21 27  2  0  0  0  0
 22 28  2  0  0  0  0
 22 29  1  0  0  0  0
 23 30  2  0  0  0  0
 24 29  1  0  0  0  0
 25 31  2  0  0  0  0
 25 32  1  0  0  0  0
 26 33  2  0  0  0  0
 27 32  1  0  0  0  0
 28 34  1  0  0  0  0
 28 35  1  0  0  0  0
 29 36  2  0  0  0  0
 30 34  1  0  0  0  0
 31 37  1  0  0  0  0
 31 38  1  0  0  0  0
 32 39  2  0  0  0  0
 33 37  1  0  0  0  0
 34 40  2  0  0  0  0
 35 41  2  0  0  0  0
 35 42  1  0  0  0  0
 36 41  1  0  0  0  0
 37 43  2  0  0  0  0
 38 44  2  0  0  0  0
 38 45  1  0  0  0  0
 39 44  1  0  0  0  0
 40 46  1  0  0  0  0
 42 46  2  0  0  0  0
 43 47  1  0  0  0  0
 45 47  2  0  0  0  0
M  END

>  <CDBREGNO>
421848

>  <Global_Seq_Number>
513357

>  <Global_Number>
ID-571

>  <ORIGINAL_REQUESTED_ID>
ID-754

>  <FORMATTED_REQUESTED_ID>
ID-754

>  <FORMATTED_PARENT_ID>
ID-754

>  <FORMATTED_SALT_ID>
ID-754

>  <VENDOR_ID>
ID-754

$$$$

ID-886
  -ISIS-  09121218312D

  6  4  0  0  0  0  0  0  0  0999 V2000
    6.1250   -5.5866    0.0000 C   0  0  3  0  0  0  0  0  0  0  0  0
    6.1250   -6.4754    0.0000 O   0  5  0  0  0  0  0  0  0  0  0  0
    6.1268   -4.8116    0.0000 C   0  0  0  0  0  0  0  0  0  0  0  0
    6.9536   -5.5884    0.0000 C   0  0  0  0  0  0  0  0  0  0  0  0
    5.3000   -5.5866    0.0000 C   0  0  0  0  0  0  0  0  0  0  0  0
    5.3542   -6.9208    0.0000 Na  0  3  0  0  0  0  0  0  0  0  0  0
  1  2  1  0  0  0  0
  1  3  1  0  0  0  0
  1  4  1  0  0  0  0
  1  5  1  0  0  0  0
M  CHG  2   2  -1   6   1
M  END

>  <CDBREGNO>
400186

>  <Global_Seq_Number>
446921

>  <Global_Number>
ID-885

>  <ORIGINAL_REQUESTED_ID>
ID-885

>  <FORMATTED_REQUESTED_ID>
ID-885

>  <FORMATTED_PARENT_ID>
ID-885

>  <FORMATTED_SALT_ID>
ID-885

>  <VENDOR_ID>
ID-885

$$$$

ID-977
  -ISIS-  09121217222D

 77 88  0  0  0  0  0  0  0  0999 V2000
    6.0611   -5.9269    0.0000 Pd  0  0  0  0  0  4  0  0  0  0  0  0
    6.1798   -7.9178    0.0000 P   0  0  0  0  0  4  0  0  0  0  0  0
    3.2655   -6.0211    0.0000 P   0  0  0  0  0  4  0  0  0  0  0  0
    8.9815   -5.9577    0.0000 P   0  0  0  0  0  4  0  0  0  0  0  0
    6.1190   -3.9427    0.0000 P   0  0  0  0  0  4  0  0  0  0  0  0
    6.1859   -8.7400    0.0000 C   0  0  0  0  0  0  0  0  0  0  0  0
    5.3819   -8.1340    0.0000 C   0  0  0  0  0  0  0  0  0  0  0  0
    6.9777   -8.1340    0.0000 C   0  0  0  0  0  0  0  0  0  0  0  0
    2.4433   -6.0188    0.0000 C   0  0  0  0  0  0  0  0  0  0  0  0
    3.0463   -6.8184    0.0000 C   0  0  0  0  0  0  0  0  0  0  0  0
    3.0493   -5.2325    0.0000 C   0  0  0  0  0  0  0  0  0  0  0  0
    9.8037   -5.9547    0.0000 C   0  0  0  0  0  0  0  0  0  0  0  0
    9.2038   -5.1504    0.0000 C   0  0  0  0  0  0  0  0  0  0  0  0
    9.1977   -6.7453    0.0000 C   0  0  0  0  0  0  0  0  0  0  0  0
    6.1251   -3.1233    0.0000 C   0  0  0  0  0  0  0  0  0  0  0  0
    5.3211   -3.7256    0.0000 C   0  0  0  0  0  0  0  0  0  0  0  0
    6.9137   -3.7256    0.0000 C   0  0  0  0  0  0  0  0  0  0  0  0
    6.9016   -9.1481    0.0000 C   0  0  0  0  0  0  0  0  0  0  0  0
    5.4733   -9.1511    0.0000 C   0  0  0  0  0  0  0  0  0  0  0  0
    5.1719   -8.9349    0.0000 C   0  0  0  0  0  0  0  0  0  0  0  0
    4.8003   -7.5554    0.0000 C   0  0  0  0  0  0  0  0  0  0  0  0
    7.5593   -7.5524    0.0000 C   0  0  0  0  0  0  0  0  0  0  0  0
    7.1787   -8.9288    0.0000 C   0  0  0  0  0  0  0  0  0  0  0  0
    2.0352   -5.2959    0.0000 C   0  0  0  0  0  0  0  0  0  0  0  0
    2.0261   -6.7240    0.0000 C   0  0  0  0  0  0  0  0  0  0  0  0
    2.2423   -7.0316    0.0000 C   0  0  0  0  0  0  0  0  0  0  0  0
    3.6188   -7.4062    0.0000 C   0  0  0  0  0  0  0  0  0  0  0  0
    3.6370   -4.6529    0.0000 C   0  0  0  0  0  0  0  0  0  0  0  0
    2.2545   -5.0283    0.0000 C   0  0  0  0  0  0  0  0  0  0  0  0
   10.2148   -6.6722    0.0000 C   0  0  0  0  0  0  0  0  0  0  0  0
   10.2209   -5.2530    0.0000 C   0  0  0  0  0  0  0  0  0  0  0  0
   10.0047   -4.9385    0.0000 C   0  0  0  0  0  0  0  0  0  0  0  0
    8.6283   -4.5631    0.0000 C   0  0  0  0  0  0  0  0  0  0  0  0
    8.6100   -7.3240    0.0000 C   0  0  0  0  0  0  0  0  0  0  0  0
    9.9925   -6.9494    0.0000 C   0  0  0  0  0  0  0  0  0  0  0  0
    6.8376   -2.7147    0.0000 C   0  0  0  0  0  0  0  0  0  0  0  0
    5.4125   -2.7125    0.0000 C   0  0  0  0  0  0  0  0  0  0  0  0
    5.1110   -2.9212    0.0000 C   0  0  0  0  0  0  0  0  0  0  0  0
    4.7395   -4.3052    0.0000 C   0  0  0  0  0  0  0  0  0  0  0  0
    7.4954   -4.3106    0.0000 C   0  0  0  0  0  0  0  0  0  0  0  0
    7.1178   -2.9371    0.0000 C   0  0  0  0  0  0  0  0  0  0  0  0
    6.9046   -9.9733    0.0000 C   0  0  0  0  0  0  0  0  0  0  0  0
    5.4733   -9.9764    0.0000 C   0  0  0  0  0  0  0  0  0  0  0  0
    4.3740   -9.1511    0.0000 C   0  0  0  0  0  0  0  0  0  0  0  0
    4.0024   -7.7686    0.0000 C   0  0  0  0  0  0  0  0  0  0  0  0
    8.3542   -7.7686    0.0000 C   0  0  0  0  0  0  0  0  0  0  0  0
    7.9766   -9.1481    0.0000 C   0  0  0  0  0  0  0  0  0  0  0  0
    1.2100   -5.2990    0.0000 C   0  0  0  0  0  0  0  0  0  0  0  0
    1.2008   -6.7240    0.0000 C   0  0  0  0  0  0  0  0  0  0  0  0
    2.0230   -7.8264    0.0000 C   0  0  0  0  0  0  0  0  0  0  0  0
    3.4086   -8.2010    0.0000 C   0  0  0  0  0  0  0  0  0  0  0  0
    3.4208   -3.8507    0.0000 C   0  0  0  0  0  0  0  0  0  0  0  0
    2.0383   -4.2261    0.0000 C   0  0  0  0  0  0  0  0  0  0  0  0
   11.0370   -6.6783    0.0000 C   0  0  0  0  0  0  0  0  0  0  0  0
   11.0462   -5.2530    0.0000 C   0  0  0  0  0  0  0  0  0  0  0  0
   10.2240   -4.1417    0.0000 C   0  0  0  0  0  0  0  0  0  0  0  0
    8.8414   -3.7716    0.0000 C   0  0  0  0  0  0  0  0  0  0  0  0
    8.8262   -8.1219    0.0000 C   0  0  0  0  0  0  0  0  0  0  0  0
   10.2087   -7.7473    0.0000 C   0  0  0  0  0  0  0  0  0  0  0  0
    6.8437   -1.8899    0.0000 C   0  0  0  0  0  0  0  0  0  0  0  0
    5.4125   -1.8847    0.0000 C   0  0  0  0  0  0  0  0  0  0  0  0
    4.3100   -2.7125    0.0000 C   0  0  0  0  0  0  0  0  0  0  0  0
    3.9416   -4.0935    0.0000 C   0  0  0  0  0  0  0  0  0  0  0  0
    8.2903   -4.0935    0.0000 C   0  0  0  0  0  0  0  0  0  0  0  0
    7.9126   -2.7147    0.0000 C   0  0  0  0  0  0  0  0  0  0  0  0
    6.1951  -10.3875    0.0000 C   0  0  0  0  0  0  0  0  0  0  0  0
    3.7863   -8.5695    0.0000 C   0  0  0  0  0  0  0  0  0  0  0  0
    8.5612   -8.5665    0.0000 C   0  0  0  0  0  0  0  0  0  0  0  0
    0.7958   -6.0008    0.0000 C   0  0  0  0  0  0  0  0  0  0  0  0
    2.6047   -8.4172    0.0000 C   0  0  0  0  0  0  0  0  0  0  0  0
    2.6230   -3.6495    0.0000 C   0  0  0  0  0  0  0  0  0  0  0  0
   11.4543   -5.9729    0.0000 C   0  0  0  0  0  0  0  0  0  0  0  0
    9.6423   -3.5544    0.0000 C   0  0  0  0  0  0  0  0  0  0  0  0
    9.6271   -8.3289    0.0000 C   0  0  0  0  0  0  0  0  0  0  0  0
    6.1311   -1.4791    0.0000 C   0  0  0  0  0  0  0  0  0  0  0  0
    3.7223   -3.2943    0.0000 C   0  0  0  0  0  0  0  0  0  0  0  0
    8.5003   -3.2997    0.0000 C   0  0  0  0  0  0  0  0  0  0  0  0
  1  2  1  0  0  0  0
  1  3  1  0  0  0  0
  1  4  1  0  0  0  0
  1  5  1  0  0  0  0
  2  6  1  0  0  0  0
  2  7  1  0  0  0  0
  2  8  1  0  0  0  0
  3  9  1  0  0  0  0
  3 10  1  0  0  0  0
  3 11  1  0  0  0  0
  4 12  1  0  0  0  0
  4 13  1  0  0  0  0
  4 14  1  0  0  0  0
  5 15  1  0  0  0  0
  5 16  1  0  0  0  0
  5 17  1  0  0  0  0
  6 18  2  0  0  0  0
  6 19  1  0  0  0  0
  7 20  2  0  0  0  0
  7 21  1  0  0  0  0
  8 22  2  0  0  0  0
  8 23  1  0  0  0  0
  9 24  2  0  0  0  0
  9 25  1  0  0  0  0
 10 26  2  0  0  0  0
 10 27  1  0  0  0  0
 11 28  2  0  0  0  0
 11 29  1  0  0  0  0
 12 30  2  0  0  0  0
 12 31  1  0  0  0  0
 13 32  2  0  0  0  0
 13 33  1  0  0  0  0
 14 34  2  0  0  0  0
 14 35  1  0  0  0  0
 15 36  2  0  0  0  0
 15 37  1  0  0  0  0
 16 38  2  0  0  0  0
 16 39  1  0  0  0  0
 17 40  2  0  0  0  0
 17 41  1  0  0  0  0
 18 42  1  0  0  0  0
 19 43  2  0  0  0  0
 20 44  1  0  0  0  0
 21 45  2  0  0  0  0
 22 46  1  0  0  0  0
 23 47  2  0  0  0  0
 24 48  1  0  0  0  0
 25 49  2  0  0  0  0
 26 50  1  0  0  0  0
 27 51  2  0  0  0  0
 28 52  1  0  0  0  0
 29 53  2  0  0  0  0
 30 54  1  0  0  0  0
 31 55  2  0  0  0  0
 32 56  1  0  0  0  0
 33 57  2  0  0  0  0
 34 58  1  0  0  0  0
 35 59  2  0  0  0  0
 36 60  1  0  0  0  0
 37 61  2  0  0  0  0
 38 62  1  0  0  0  0
 39 63  2  0  0  0  0
 40 64  1  0  0  0  0
 41 65  2  0  0  0  0
 42 66  2  0  0  0  0
 43 66  1  0  0  0  0
 44 67  2  0  0  0  0
 45 67  1  0  0  0  0
 46 68  2  0  0  0  0
 47 68  1  0  0  0  0
 48 69  2  0  0  0  0
 49 69  1  0  0  0  0
 50 70  2  0  0  0  0
 51 70  1  0  0  0  0
 52 71  2  0  0  0  0
 53 71  1  0  0  0  0
 54 72  2  0  0  0  0
 55 72  1  0  0  0  0
 56 73  2  0  0  0  0
 57 73  1  0  0  0  0
 58 74  2  0  0  0  0
 59 74  1  0  0  0  0
 60 75  2  0  0  0  0
 61 75  1  0  0  0  0
 62 76  2  0  0  0  0
 63 76  1  0  0  0  0
 64 77  2  0  0  0  0
 65 77  1  0  0  0  0
M  END

>  <CDBREGNO>
534239

>  <MOLFORMULA>
C6 H4 N2 O2

>  <MOLWEIGHT>
1.361096000000000e+02

>  <Global_Seq_Number>
751646

>  <Stereoisomer_Code>
NOSTC

>  <Global_Number>
ID-976

>  <ORIGINAL_REQUESTED_ID>
ID-976

>  <FORMATTED_REQUESTED_ID>
ID-976

>  <FORMATTED_PARENT_ID>
ID-976

>  <FORMATTED_SALT_ID>
ID-976

>  <VENDOR_ID>
ID-976

$$$$

ID-645
  Marvin  09121217012D          

 19 22  0  0  0  0            999 V2000
   10.7240    6.1482    0.0000 C   0  0  0  0  0  0  0  0  0  0  0  0
   11.1881    6.4160    0.0000 C   0  0  0  0  0  0  0  0  0  0  0  0
   10.2602    6.4160    0.0000 C   0  0  0  0  0  0  0  0  0  0  0  0
   10.7240    5.6124    0.0000 C   0  0  0  0  0  0  0  0  0  0  0  0
   11.1881    6.9518    0.0000 C   0  0  0  0  0  0  0  0  0  0  0  0
   11.6521    6.1482    0.0000 C   0  0  0  0  0  0  0  0  0  0  0  0
    9.7962    6.1482    0.0000 C   0  0  0  0  0  0  0  0  0  0  0  0
   10.2602    6.9518    0.0000 C   0  0  0  0  0  0  0  0  0  0  0  0
   10.2602    5.3446    0.0000 C   0  0  0  0  0  0  0  0  0  0  0  0
   11.1881    5.3446    0.0000 C   0  0  0  0  0  0  0  0  0  0  0  0
   10.7240    7.2196    0.0000 C   0  0  0  0  0  0  0  0  0  0  0  0
   11.6521    7.2196    0.0000 C   0  0  0  0  0  0  0  0  0  0  0  0
   11.6521    5.6124    0.0000 C   0  0  0  0  0  0  0  0  0  0  0  0
   12.1159    6.4160    0.0000 C   0  0  0  0  0  0  0  0  0  0  0  0
    9.7962    5.6124    0.0000 C   0  0  0  0  0  0  0  0  0  0  0  0
    9.3324    6.4160    0.0000 B   0  0  0  0  0  0  0  0  0  0  0  0
   12.1159    6.9518    0.0000 C   0  0  0  0  0  0  0  0  0  0  0  0
    8.8684    6.1482    0.0000 O   0  0  0  0  0  0  0  0  0  0  0  0
    9.3324    6.9518    0.0000 O   0  0  0  0  0  0  0  0  0  0  0  0
  1  2  1  0  0  0  0
  1  3  1  0  0  0  0
  1  4  2  0  0  0  0
  2  5  2  0  0  0  0
  2  6  1  0  0  0  0
  3  7  2  0  0  0  0
  3  8  1  0  0  0  0
  4  9  1  0  0  0  0
  4 10  1  0  0  0  0
  5 11  1  0  0  0  0
  5 12  1  0  0  0  0
  6 13  1  0  0  0  0
  6 14  2  0  0  0  0
  7 15  1  0  0  0  0
  7 16  1  0  0  0  0
  8 11  2  0  0  0  0
  9 15  2  0  0  0  0
 10 13  2  0  0  0  0
 12 17  2  0  0  0  0
 14 17  1  0  0  0  0
 16 18  1  0  0  0  0
 16 19  1  0  0  0  0
M  END

>  <CDBREGNO>
2610640

>  <Global_Seq_Number>
5801572

>  <Global_Number>
ID-643

>  <ORIGINAL_REQUESTED_ID>
ID-643

>  <FORMATTED_REQUESTED_ID>
ID-643

>  <FORMATTED_PARENT_ID>
ID-643

>  <FORMATTED_SALT_ID>
ID-643

>  <VENDOR_ID>
ID-643

$$$$

ID-506
  -ISIS-  09121218322D

 19 19  0  0  0  0  0  0  0  0999 V2000
    5.1759   -6.9376    0.0000 C   0  0  0  0  0  0  0  0  0  0  0  0
    5.8914   -6.5193    0.0000 C   0  0  0  0  0  0  0  0  0  0  0  0
    5.1809   -7.7664    0.0000 C   0  0  0  0  0  0  0  0  0  0  0  0
    4.4654   -6.5244    0.0000 C   0  0  0  0  0  0  0  0  0  0  0  0
    6.6070   -6.9300    0.0000 C   0  0  0  0  0  0  0  0  0  0  0  0
    4.4679   -8.1796    0.0000 C   0  0  0  0  0  0  0  0  0  0  0  0
    3.7524   -6.9400    0.0000 C   0  0  0  0  0  0  0  0  0  0  0  0
    7.3124   -6.5622    0.0000 C   0  0  0  0  0  0  0  0  0  0  0  0
    3.7524   -7.7690    0.0000 C   0  0  0  0  0  0  0  0  0  0  0  0
    8.0103   -7.0056    0.0000 C   0  0  0  0  0  0  0  0  0  0  0  0
    7.3476   -5.7358    0.0000 O   0  0  0  0  0  0  0  0  0  0  0  0
    8.7435   -6.6276    0.0000 C   0  0  0  0  0  0  0  0  0  0  0  0
    9.4388   -7.0685    0.0000 C   0  0  0  0  0  0  0  0  0  0  0  0
    9.4010   -7.8899    0.0000 C   0  0  0  0  0  0  0  0  0  0  0  0
   10.1619   -6.6856    0.0000 C   0  0  0  0  0  0  0  0  0  0  0  0
   10.0914   -8.3333    0.0000 C   0  0  0  0  0  0  0  0  0  0  0  0
   10.8598   -7.1215    0.0000 C   0  0  0  0  0  0  0  0  0  0  0  0
   10.8270   -7.9503    0.0000 C   0  0  0  0  0  0  0  0  0  0  0  0
    2.0417   -3.6718    0.0000 Pd  0  0  0  0  0  0  0  0  0  0  0  0
  1  2  1  0  0  0  0
  1  3  1  0  0  0  0
  1  4  2  0  0  0  0
  2  5  2  3  0  0  0
  3  6  2  0  0  0  0
  4  7  1  0  0  0  0
  5  8  1  0  0  0  0
  6  9  1  0  0  0  0
  7  9  2  0  0  0  0
  8 10  1  0  0  0  0
  8 11  2  0  0  0  0
 10 12  2  3  0  0  0
 12 13  1  0  0  0  0
 13 14  2  0  0  0  0
 13 15  1  0  0  0  0
 14 16  1  0  0  0  0
 15 17  2  0  0  0  0
 16 18  2  0  0  0  0
 17 18  1  0  0  0  0
M  STY  2   1 DAT   2 DAT
M  SLB  2   1   1   2   2
M  SAL   1 15   1   2   3   4   5   6   7   8   9  10  11  12  13  14  15
M  SAL   1  3  16  17  18
M  SDT   1 C    F                                              
M  SDD   1     3.0900   -7.0500    DA    ALL  1       5
M  SED   1 3
M  SAL   2  1  19
M  SDT   2 C    F                                              
M  SDD   2     1.2200   -3.6900    DA    ALL  1       5
M  SED   2 2
M  END

>  <CDBREGNO>
1678888

>  <Global_Seq_Number>
3256341

>  <Global_Number>
ID-505

>  <ORIGINAL_REQUESTED_ID>
ID-505

>  <FORMATTED_REQUESTED_ID>
ID-505

>  <FORMATTED_PARENT_ID>
ID-505

>  <FORMATTED_SALT_ID>
ID-505

>  <VENDOR_ID>
ID-505

$$$$
